10_Medium_Mid_badminton_228,0.216,0,0.059,0.373,0,0.333,0.02
1_Easy_Mid_snowboarding_23,0,0.562,0.25,0,0,0.062,0.125
2_Easy_Far_Rowing_234,0,0.05,0.175,0.025,0.5,0,0.25
3_Easy_Mid_badminton_124,0.167,0,0.083,0.55,0.033,0.15,0.017
5_Easy_Mid_snowboarding_149,0,0.667,0.091,0.03,0.03,0.03,0.152
6_Easy_Far_Rowing_203,0.065,0.016,0.027,0.076,0.728,0,0.087
7_Easy_Far_Rowing_206,0.024,0.039,0.031,0.024,0.724,0,0.157
8_Easy_Far_Rowing_207,0.059,0.078,0.02,0.059,0.725,0,0.059
9_Easy_Mid_snowboarding_109,0,0.55,0.15,0,0,0.05,0.25
Easy_Far_Rowing_279,0.025,0.025,0.05,0,0.762,0.012,0.125
Easy_Far_Rowing_581,0.025,0.101,0.044,0.019,0.285,0.006,0.519
Easy_Mid_badminton_166,0.145,0,0.009,0.573,0.06,0.188,0.026
Easy_Mid_badminton_18,0.135,0,0.014,0.582,0.064,0.177,0.028
Easy_Mid_badminton_254,0.091,0.013,0.065,0.623,0,0.156,0.052
Easy_Mid_Rowing_384,0.024,0.048,0.024,0,0.262,0,0.643
Easy_Mid_Rowing_390,0.036,0.107,0.06,0.036,0.345,0.012,0.405
Easy_Mid_Rowing_391,0.014,0.095,0.027,0,0.216,0,0.649
Easy_Mid_sailing_6,0,0.182,0.182,0.091,0.091,0,0.455
Easy_Mid_snowboarding_11,0,0.793,0.052,0.017,0.017,0.017,0.103
Easy_Mid_snowboarding_12,0,0.811,0.081,0,0,0.027,0.081
Easy_Mid_snowboarding_13,0.022,0.6,0.2,0.022,0.067,0,0.089
Easy_Mid_snowboarding_146,0.158,0.658,0.053,0,0.026,0,0.105
Easy_Mid_snowboarding_242,0,0.583,0.25,0,0,0.042,0.125
Easy_Mid_snowboarding_74,0.013,0.731,0.141,0.013,0.038,0,0.064
Easy_Mid_snowboarding_82,0.048,0.714,0.024,0,0.024,0,0.19
Medium_Mid_badminton_179,0.098,0,0.008,0.72,0.045,0.098,0.03
Medium_Mid_badminton_226,0.144,0.008,0.004,0.614,0.076,0.117,0.038
Medium_Mid_badminton_227,0.098,0,0.008,0.72,0.045,0.098,0.03
Medium_Mid_badminton_252,0.153,0.014,0.007,0.583,0.104,0.111,0.028
