Easy_Close_badminton_83,0.098,0,0.008,0.72,0.045,0.098,0.03
Easy_Close_croquet_206,0.507,0,0.007,0.162,0.044,0.243,0.037
Easy_Close_Rowing_380,0.031,0.062,0.031,0.047,0.516,0.016,0.297
Easy_Far_badminton_1,0.119,0.03,0.015,0.642,0.104,0.09,0
Easy_Far_badminton_11,0.167,0,0.083,0.55,0.033,0.15,0.017
Easy_Far_croquet_155,0.5,0,0,0.136,0.015,0.258,0.091
Easy_Far_croquet_163,0.392,0.025,0,0.152,0,0.392,0.038
Easy_Far_polo_160,0.19,0,0.048,0.127,0,0.635,0
Easy_Far_Rowing_206,0.024,0.039,0.031,0.024,0.724,0,0.157
Easy_Far_Rowing_234,0.014,0.095,0.027,0,0.216,0,0.649
Easy_Mid_croquet_152,0.427,0,0.01,0.175,0.019,0.359,0.01
Easy_Mid_croquet_265,0.5,0,0.007,0.157,0.043,0.257,0.036
Easy_Mid_croquet_76,0.446,0,0.046,0.123,0,0.323,0.062
Easy_Mid_croquet_93,0.476,0,0,0.195,0,0.305,0.024
Easy_Mid_croquet_95,0.439,0,0.049,0.098,0,0.366,0.049
Easy_Mid_polo_106,0.231,0,0,0.154,0,0.577,0.038
Easy_Mid_polo_111,0.274,0,0.032,0.145,0,0.452,0.097
Easy_Mid_polo_131,0.156,0,0.031,0.156,0,0.562,0.094
Easy_Mid_polo_139,0.197,0,0.013,0.184,0.013,0.526,0.066
Easy_Mid_polo_150,0.22,0,0.024,0.146,0,0.585,0.024
Easy_Mid_polo_169,0.237,0.005,0.022,0.167,0.016,0.527,0.027
Easy_Mid_polo_183,0.194,0.018,0.082,0.074,0.009,0.585,0.038
Easy_Mid_polo_98,0.22,0,0.024,0.146,0,0.585,0.024
Easy_Mid_RockClimbing_155,0,0.036,0.929,0,0.036,0,0
Easy_Mid_RockClimbing_249,0,0.037,0.926,0,0,0.037,0
Easy_Mid_RockClimbing_458,0,0.076,0.916,0,0.008,0,0
Easy_Mid_RockClimbing_476,0,0.062,0.903,0,0.018,0.013,0.004
Easy_Mid_RockClimbing_51,0,0.026,0.868,0,0.053,0.026,0.026
Easy_Mid_RockClimbing_557,0,0.076,0.916,0,0.008,0,0
Easy_Mid_RockClimbing_829,0,0.024,0.952,0,0.024,0,0
Easy_Mid_Rowing_302,0.025,0.101,0.044,0.019,0.285,0.006,0.519
Easy_Mid_Rowing_384,0.02,0,0.122,0.02,0.673,0,0.163
Easy_Mid_Rowing_393,0.013,0.067,0.027,0.013,0.293,0.013,0.573
Easy_Mid_sailing_261,0,0.105,0.105,0,0.211,0,0.579
Easy_Mid_sailing_370,0,0,0,0,0.333,0,0.667

Easy_Mid_sailing_517,0,0,0,0,0.308,0,0.692
Easy_Mid_sailing_565,0,0.111,0,0.111,0,0.111,0.667
Easy_Mid_sailing_576,0,0.1,0,0.1,0,0.2,0.6
Easy_Mid_sailing_71,0,0.167,0.167,0,0,0.083,0.583
Easy_Mid_sailing_770,0,0.143,0,0.071,0.071,0.071,0.643
Easy_Mid_sailing_816,0,0.091,0.091,0.091,0,0.091,0.636
Easy_Mid_snowboarding_106,0.042,0.738,0.107,0.006,0.03,0,0.077
Easy_Mid_snowboarding_109,0.069,0.772,0.05,0.01,0.02,0,0.079
Easy_Mid_snowboarding_239,0,0.687,0.194,0,0.045,0,0.075
Easy_Mid_snowboarding_247,0.023,0.748,0.084,0.005,0.014,0,0.126
Easy_Mid_snowboarding_290,0.027,0.749,0.093,0.005,0.016,0,0.109
Easy_Mid_snowboarding_294,0,0.621,0.138,0,0.034,0.034,0.172
Easy_Mid_snowboarding_374,0,0.611,0.167,0,0,0.056,0.167
Easy_Mid_snowboarding_375,0,0.695,0.171,0,0.037,0.012,0.085
Easy_Mid_snowboarding_420,0.028,0.738,0.142,0.007,0.021,0.007,0.057
Easy_Mid_snowboarding_52,0,0.695,0.119,0.017,0.017,0.034,0.119
Easy_Mid_snowboarding_82,0,0.741,0.074,0.037,0.037,0,0.111
Medium_Mid_badminton_178,0.186,0,0.093,0.512,0.023,0.163,0.023
Medium_Mid_badminton_179,0.216,0,0.059,0.373,0,0.333,0.02
Medium_Mid_badminton_226,0.098,0,0.008,0.72,0.045,0.098,0.03
Medium_Mid_badminton_228,0.104,0,0.004,0.667,0.083,0.121,0.021
Medium_Mid_croquet_281,0.508,0,0.031,0.092,0.062,0.277,0.031
