Easy_Close_Rowing_160,0.065,0.016,0.027,0.076,0.728,0,0.087
Easy_Far_polo_161,0.269,0,0.018,0.175,0.018,0.485,0.035
Easy_Far_Rowing_207,0,0.05,0.175,0.025,0.5,0,0.25
Easy_Far_Rowing_38,0.02,0,0.02,0,0.843,0,0.118
Easy_Far_Rowing_581,0,0.148,0.037,0.019,0.241,0.019,0.537
Easy_Far_Rowing_584,0.024,0.048,0.024,0,0.262,0,0.643
Easy_Mid_badminton_145,0.122,0.014,0.007,0.633,0.094,0.129,0
Easy_Mid_badminton_163,0.138,0,0,0.5,0.162,0.162,0.038
Easy_Mid_badminton_165,0.135,0,0.014,0.582,0.064,0.177,0.028
Easy_Mid_badminton_166,0.08,0.02,0.1,0.64,0,0.16,0
Easy_Mid_croquet_161,0.507,0,0.007,0.162,0.044,0.243,0.037
Easy_Mid_croquet_162,0.455,0,0.045,0.121,0,0.318,0.061
Easy_Mid_croquet_2,0.446,0,0.046,0.123,0,0.323,0.062
Easy_Mid_croquet_203,0.519,0,0.038,0.115,0,0.308,0.019
Easy_Mid_croquet_60,0.447,0,0,0.176,0.024,0.306,0.047
Easy_Mid_croquet_75,0.544,0.022,0,0.1,0.022,0.256,0.056
Easy_Mid_croquet_92,0.495,0,0.009,0.153,0.045,0.261,0.036
Easy_Mid_polo_114,0.231,0,0,0.154,0,0.577,0.038
Easy_Mid_polo_121,0.259,0,0.007,0.189,0.021,0.497,0.028
Easy_Mid_polo_138,0.167,0,0.024,0.071,0,0.738,0
Easy_Mid_polo_145,0.383,0,0.043,0.128,0,0.404,0.043
Easy_Mid_polo_154,0.24,0,0.038,0.158,0.016,0.514,0.033
Easy_Mid_polo_159,0.284,0,0,0.162,0.027,0.473,0.054
Easy_Mid_polo_172,0.221,0,0.032,0.147,0.021,0.579,0
Easy_Mid_RockClimbing_154,0,0.092,0.855,0,0.026,0.013,0.013
Easy_Mid_RockClimbing_176,0,0.083,0.889,0,0.028,0,0
Easy_Mid_RockClimbing_182,0,0.062,0.903,0,0.018,0.013,0.004
Easy_Mid_RockClimbing_188,0,0.026,0.868,0,0.053,0.026,0.026
Easy_Mid_RockClimbing_389,0,0.128,0.851,0,0.021,0,0
Easy_Mid_RockClimbing_554,0,0.026,0.872,0,0.051,0.026,0.026
Easy_Mid_RockClimbing_596,0,0.041,0.932,0,0,0.027,0
Easy_Mid_Rowing_387,0.069,0.017,0.009,0.069,0.776,0,0.06
Easy_Mid_sailing_244,0,0.05,0,0.05,0.2,0.05,0.65
Easy_Mid_sailing_322,0,0.077,0,0.077,0.154,0,0.692
Easy_Mid_sailing_361,0,0.056,0,0.056,0.222,0,0.667
Easy_Mid_sailing_44,0,0.05,0,0.05,0.2,0.05,0.65
Easy_Mid_sailing_547,0,0,0,0,0.25,0.125,0.625
Easy_Mid_sailing_566,0,0,0,0,0.273,0,0.727
Easy_Mid_sailing_682,0,0,0,0,0.182,0.182,0.636
Easy_Mid_sailing_825,0,0.067,0.067,0.067,0.133,0,0.667
Easy_Mid_sailing_855,0,0.05,0.05,0.05,0.2,0,0.65
Easy_Mid_snowboarding_12,0.067,0.733,0,0,0,0.2,0
Easy_Mid_snowboarding_197,0,0.706,0.059,0,0.059,0.176,0
Easy_Mid_snowboarding_230,0,0.656,0.125,0.031,0.031,0.031,0.125
Easy_Mid_snowboarding_283,0,0.783,0.065,0,0,0.022,0.13
Easy_Mid_snowboarding_285,0.012,0.695,0.171,0.012,0.037,0,0.073
Easy_Mid_snowboarding_291,0.162,0.649,0.054,0,0.027,0,0.108
Easy_Mid_snowboarding_330,0,0.836,0.018,0,0.018,0,0.127
Easy_Mid_snowboarding_334,0,0.588,0,0,0.029,0,0.382
Easy_Mid_snowboarding_357,0.027,0.838,0.027,0,0,0,0.108
Easy_Mid_snowboarding_369,0.031,0.748,0.15,0.008,0.024,0,0.039
Medium_Mid_badminton_164,0.16,0.027,0.013,0.56,0.093,0.107,0.04
Medium_Mid_badminton_177,0.144,0.008,0.004,0.614,0.076,0.117,0.038
Medium_Mid_badminton_232,0.167,0,0.083,0.55,0.033,0.15,0.017
Medium_Mid_croquet_286,0.526,0,0,0.105,0.021,0.274,0.074
Medium_Mid_croquet_348,0.333,0,0,0,0,0.667,0
Medium_Mid_polo_179,0.237,0.005,0.022,0.167,0.016,0.527,0.027
