Easy_Close_badminton_83,4,4,4,4,4,4,2,4,0,4,4,4,4,0,4,4
Easy_Close_croquet_206,2,2,2,2,2,2,2,5,2,2,5,5,2,2,5,5
Easy_Close_Rowing_380,9,9,2,2,9,9,2,9,9,10,2,2,9,2,2,2
Easy_Far_badminton_1,0,0,4,4,0,0,4,4,0,0,4,4,0,0,4,4
Easy_Far_badminton_11,2,4,4,4,0,4,4,2,0,0,4,4,0,0,4,4
Easy_Far_croquet_155,0,2,5,5,0,2,5,2,0,2,5,5,0,2,2,5
Easy_Far_croquet_163,2,2,5,5,2,2,5,5,2,2,5,5,2,2,5,5
Easy_Far_polo_160,2,2,5,5,2,2,2,5,2,2,2,5,2,2,2,5
Easy_Far_Rowing_206,2,9,9,9,2,9,9,9,2,9,9,9,2,9,9,9
Easy_Far_Rowing_234,9,9,9,9,9,9,2,9,10,9,9,9,10,9,9,9
Easy_Mid_croquet_152,6,2,5,5,6,5,2,6,6,2,2,0,0,6,0,0
Easy_Mid_croquet_265,7,2,5,5,2,2,5,5,2,2,5,5,2,5,5,6
Easy_Mid_croquet_76,2,2,2,2,2,2,2,2,0,2,2,5,0,5,5,2
Easy_Mid_croquet_93,2,2,2,5,2,2,6,6,2,2,5,5,9,2,2,6
Easy_Mid_croquet_95,2,2,2,6,2,6,5,6,0,5,6,6,0,2,5,6
Easy_Mid_polo_106,2,2,2,2,0,2,2,2,0,2,2,2,0,2,2,2
Easy_Mid_polo_111,2,5,2,2,2,2,2,2,2,2,2,2,2,2,2,2
Easy_Mid_polo_131,5,6,5,2,2,5,5,2,2,5,4,2,7,0,5,2
Easy_Mid_polo_139,2,2,2,5,2,2,2,5,2,2,2,5,2,2,2,2
Easy_Mid_polo_150,0,2,5,5,2,2,5,5,2,2,5,5,0,2,5,5
Easy_Mid_polo_169,2,2,6,5,2,2,5,5,2,2,4,5,2,2,5,5
Easy_Mid_polo_183,5,2,5,2,5,2,5,2,2,2,5,2,2,2,5,2
Easy_Mid_polo_98,0,0,0,2,2,2,2,2,2,2,0,2,0,0,2,5
Easy_Mid_RockClimbing_155,2,2,2,2,2,2,2,2,2,2,2,2,2,2,2,9
Easy_Mid_RockClimbing_249,2,2,2,2,2,2,2,2,2,2,2,2,2,2,2,2
Easy_Mid_RockClimbing_458,2,2,2,2,2,2,2,2,2,2,2,2,2,2,2,2
Easy_Mid_RockClimbing_476,0,0,0,0,2,2,2,2,2,2,2,2,2,2,2,2
Easy_Mid_RockClimbing_51,2,2,2,2,2,2,2,2,2,2,2,2,2,2,2,2
Easy_Mid_RockClimbing_557,2,2,2,2,2,2,2,2,2,2,2,2,2,2,2,2
Easy_Mid_RockClimbing_829,2,2,2,2,2,2,2,2,2,2,2,2,2,2,2,2
Easy_Mid_Rowing_302,2,10,10,10,10,10,10,10,10,10,10,10,10,10,10,2
Easy_Mid_Rowing_384,5,9,9,9,5,9,10,9,9,9,10,9,8,9,9,0
Easy_Mid_Rowing_393,2,5,8,9,9,5,10,10,9,8,9,10,9,6,10,10
Easy_Mid_sailing_261,10,9,2,0,10,9,2,2,9,9,2,2,9,9,2,2
Easy_Mid_sailing_370,9,10,9,9,10,10,2,9,10,10,9,9,10,2,2,2
Easy_Mid_sailing_517,9,2,2,2,9,2,2,2,9,9,2,2,9,9,2,2
Easy_Mid_sailing_565,6,9,9,9,8,10,9,2,10,10,9,2,10,9,9,9
Easy_Mid_sailing_576,9,9,9,2,10,10,9,2,10,10,9,2,9,9,9,2
Easy_Mid_sailing_71,7,2,2,2,2,2,2,2,10,10,2,10,10,10,2,10
Easy_Mid_sailing_770,2,10,2,2,10,10,10,2,10,10,2,2,10,10,10,2
Easy_Mid_sailing_816,8,8,8,10,9,10,2,2,9,5,7,2,8,9,9,10
Easy_Mid_snowboarding_106,2,2,2,2,2,2,2,2,2,2,2,2,2,2,2,2
Easy_Mid_snowboarding_109,2,2,2,2,2,2,2,2,2,2,2,2,2,2,2,2
Easy_Mid_snowboarding_239,2,2,2,2,2,2,2,2,2,2,2,2,2,2,2,2
Easy_Mid_snowboarding_247,2,2,2,2,2,2,2,2,2,2,2,2,2,2,2,2
Easy_Mid_snowboarding_290,2,2,2,2,2,2,2,2,2,2,2,2,2,2,2,2
Easy_Mid_snowboarding_294,2,2,2,2,2,2,2,2,2,2,2,2,2,2,2,2
Easy_Mid_snowboarding_374,2,2,2,2,2,2,2,2,2,2,2,2,2,2,2,2
Easy_Mid_snowboarding_375,2,2,2,2,2,2,2,2,2,2,2,2,2,2,2,2
Easy_Mid_snowboarding_420,0,2,2,2,0,2,2,2,0,0,2,9,0,0,2,2
Easy_Mid_snowboarding_52,2,2,2,2,2,2,2,2,2,2,2,2,2,2,2,2
Easy_Mid_snowboarding_82,2,2,2,2,2,2,2,2,9,2,2,2,9,2,2,2
Medium_Mid_badminton_178,4,4,4,4,0,4,4,4,4,4,4,4,4,4,4,4
Medium_Mid_badminton_179,4,4,4,4,4,4,4,4,4,4,4,4,4,4,4,4
Medium_Mid_badminton_226,6,4,4,4,4,2,4,4,4,4,4,4,2,4,4,4
Medium_Mid_badminton_228,4,4,4,4,4,4,4,4,4,4,4,4,4,4,4,4
Medium_Mid_croquet_281,2,5,5,5,2,5,5,5,2,2,5,5,2,2,5,5
