Easy_Close_Rowing_160,9,8,2,2,9,2,2,2,2,2,2,9,9,2,2,2
Easy_Far_polo_161,0,2,2,5,2,2,2,5,2,2,2,5,2,2,2,5
Easy_Far_Rowing_207,9,9,9,9,2,2,9,9,2,2,9,9,2,2,9,9
Easy_Far_Rowing_38,9,9,2,2,9,2,2,2,9,2,2,2,9,2,2,0
Easy_Far_Rowing_581,9,2,9,9,9,2,9,9,9,2,2,9,9,2,9,9
Easy_Far_Rowing_584,8,2,2,9,2,2,9,9,2,2,2,9,2,2,2,9
Easy_Mid_badminton_145,5,4,2,4,4,4,4,4,0,4,4,4,0,5,4,4
Easy_Mid_badminton_163,0,5,4,4,0,0,4,4,0,0,4,4,0,4,4,4
Easy_Mid_badminton_165,5,4,4,4,5,5,4,4,0,0,4,4,0,0,4,4
Easy_Mid_badminton_166,5,5,5,4,0,4,4,4,0,4,4,5,0,4,4,4
Easy_Mid_croquet_161,2,2,5,5,2,2,5,5,2,2,5,5,2,2,6,6
Easy_Mid_croquet_162,2,2,5,5,2,5,5,5,2,5,5,5,2,5,5,5
Easy_Mid_croquet_2,2,2,5,5,5,2,5,5,2,5,5,5,2,4,5,5
Easy_Mid_croquet_203,2,2,5,6,2,2,5,5,2,2,5,5,2,2,5,0
Easy_Mid_croquet_60,0,2,2,2,0,2,2,2,2,2,2,2,0,2,2,2
Easy_Mid_croquet_75,0,2,2,6,0,2,2,6,0,2,6,6,0,6,6,6
Easy_Mid_croquet_92,0,2,5,5,2,2,5,5,2,2,5,5,2,2,2,6
Easy_Mid_polo_114,2,2,5,5,2,2,2,5,2,2,5,5,2,2,5,5
Easy_Mid_polo_121,5,2,4,5,5,2,4,5,2,0,4,5,9,2,4,5
Easy_Mid_polo_138,2,2,2,2,2,2,2,2,2,2,2,2,2,2,2,2
Easy_Mid_polo_145,2,2,5,5,2,2,2,5,2,2,5,5,2,2,5,5
Easy_Mid_polo_154,2,2,5,5,2,2,2,2,2,2,2,5,2,2,2,5
Easy_Mid_polo_159,2,2,5,5,8,2,2,5,2,2,5,5,2,2,2,5
Easy_Mid_polo_172,2,0,5,5,9,0,4,5,2,2,5,5,2,2,5,5
Easy_Mid_RockClimbing_154,2,2,2,2,2,2,2,2,2,2,2,2,2,2,2,2
Easy_Mid_RockClimbing_176,2,2,2,2,2,2,2,2,2,2,2,2,2,2,2,2
Easy_Mid_RockClimbing_182,2,2,2,2,2,2,2,2,2,2,2,2,2,2,2,2
Easy_Mid_RockClimbing_188,2,2,2,2,2,2,2,2,2,2,2,2,2,2,2,2
Easy_Mid_RockClimbing_389,2,2,2,2,2,2,2,2,2,2,2,2,2,2,2,2
Easy_Mid_RockClimbing_554,2,2,2,2,2,2,2,2,2,2,2,2,2,2,2,2
Easy_Mid_RockClimbing_596,2,2,2,2,2,2,2,2,2,2,2,2,2,2,2,2
Easy_Mid_Rowing_387,2,9,9,9,2,9,10,9,2,9,8,6,2,9,2,9
Easy_Mid_sailing_244,2,10,2,9,10,2,2,2,10,2,10,9,10,10,10,0
Easy_Mid_sailing_322,5,9,10,10,9,9,2,10,9,9,2,10,9,9,10,10
Easy_Mid_sailing_361,9,2,2,2,10,2,2,2,10,2,2,2,2,2,2,2
Easy_Mid_sailing_44,2,2,2,2,10,10,10,2,9,10,2,2,9,10,2,2
Easy_Mid_sailing_547,9,10,0,0,9,10,2,0,10,10,2,0,10,10,0,0
Easy_Mid_sailing_566,8,9,9,9,9,10,9,2,9,9,10,9,9,9,9,9
Easy_Mid_sailing_682,9,9,2,9,9,9,2,2,9,9,2,9,9,10,9,9
Easy_Mid_sailing_825,9,9,2,9,9,9,2,9,9,2,2,9,9,2,2,9
Easy_Mid_sailing_855,6,10,10,10,5,10,10,10,10,10,10,10,10,10,10,10
Easy_Mid_snowboarding_12,2,2,2,2,2,2,2,2,2,2,2,2,2,2,2,2
Easy_Mid_snowboarding_197,2,2,2,6,2,2,10,14,2,2,2,12,2,2,6,3
Easy_Mid_snowboarding_230,5,2,2,2,1,2,2,2,2,2,2,2,9,2,2,2
Easy_Mid_snowboarding_283,5,2,9,9,2,2,2,5,2,2,8,5,2,8,9,9
Easy_Mid_snowboarding_285,2,2,2,2,2,2,2,2,2,2,2,2,2,2,2,2
Easy_Mid_snowboarding_291,2,2,2,2,2,2,2,2,2,2,2,2,2,2,2,2
Easy_Mid_snowboarding_330,2,7,5,11,2,5,2,5,2,5,2,5,2,3,5,5
Easy_Mid_snowboarding_334,2,2,2,2,1,2,2,2,2,2,2,2,2,2,2,2
Easy_Mid_snowboarding_357,2,2,2,2,2,2,2,1,2,2,2,2,2,2,2,2
Easy_Mid_snowboarding_369,2,2,2,2,2,2,2,2,2,2,2,2,9,2,2,2
Medium_Mid_badminton_164,0,5,4,4,0,4,4,4,4,5,4,4,4,4,4,4
Medium_Mid_badminton_177,0,5,5,5,5,4,5,5,0,4,5,5,0,5,5,4
Medium_Mid_badminton_232,7,4,4,4,2,4,4,4,2,4,4,4,2,4,2,4
Medium_Mid_croquet_286,2,5,6,6,2,2,6,6,2,2,2,6,0,2,2,5
Medium_Mid_croquet_348,0,0,5,5,5,0,0,5,0,2,2,5,0,0,6,5
Medium_Mid_polo_179,2,2,2,5,0,2,0,5,2,2,2,5,2,2,2,5
