Easy_Far_Rowing_180,2,10,10,10,10,10,10,10,10,10,10,10,10,10,10,10
Easy_Mid_badminton_124,0,0,2,4,0,0,4,4,0,5,4,4,0,5,4,4
Easy_Mid_badminton_81,4,0,3,4,4,4,4,4,4,4,4,4,4,3,3,4
Easy_Mid_croquet_142,2,2,6,6,2,2,2,6,2,6,6,6,2,6,6,6
Easy_Mid_croquet_164,2,2,6,2,2,2,2,2,6,6,6,5,6,6,6,6
Easy_Mid_croquet_180,0,6,5,5,0,6,5,5,0,6,5,5,0,6,5,5
Easy_Mid_croquet_245,0,2,2,6,0,6,2,6,2,2,6,2,0,2,2,2
Easy_Mid_croquet_269,2,2,2,5,2,2,5,2,2,5,5,5,2,5,5,5
Easy_Mid_croquet_338,0,5,0,5,5,5,5,5,5,2,5,5,5,0,5,5
Easy_Mid_croquet_57,2,2,5,5,12,2,4,5,7,2,5,5,2,2,5,5
Easy_Mid_croquet_61,2,2,2,6,2,2,2,6,2,2,6,6,2,2,2,6
Easy_Mid_croquet_87,0,2,6,6,0,2,2,2,2,2,6,6,0,2,6,6
Easy_Mid_croquet_94,2,0,6,6,2,0,6,6,2,2,2,6,2,2,2,6
Easy_Mid_polo_110,2,2,6,2,0,6,2,2,2,2,2,2,2,2,2,2
Easy_Mid_polo_113,2,2,2,5,2,2,2,5,2,2,2,2,2,2,2,5
Easy_Mid_polo_115,0,0,2,5,0,0,2,5,2,2,2,5,0,0,2,5
Easy_Mid_polo_127,6,5,2,2,6,5,2,2,2,2,2,2,2,2,2,2
Easy_Mid_polo_140,2,2,2,2,2,2,2,5,2,2,2,5,2,2,2,5
Easy_Mid_polo_144,2,2,2,5,2,2,2,5,2,2,2,5,2,2,2,5
Easy_Mid_polo_170,7,2,5,5,6,2,5,5,5,2,2,5,7,2,6,5
Easy_Mid_polo_96,2,0,0,5,2,2,0,2,2,2,2,2,2,2,0,2
Easy_Mid_polo_97,2,2,2,5,2,2,2,2,2,0,2,2,0,2,2,5
Easy_Mid_RockClimbing_434,2,2,2,2,2,2,2,2,2,2,2,2,2,2,2,2
Easy_Mid_RockClimbing_459,2,2,2,2,2,2,2,2,2,2,2,2,2,2,2,2
Easy_Mid_RockClimbing_464,2,2,2,2,2,2,2,2,2,2,2,2,2,2,2,2
Easy_Mid_RockClimbing_830,2,2,2,2,2,2,2,2,2,2,2,2,2,2,2,2
Easy_Mid_RockClimbing_834,2,2,2,2,2,2,2,2,2,2,2,2,2,2,2,0
Easy_Mid_RockClimbing_835,2,2,2,0,2,2,2,2,2,2,2,2,2,2,2,2
Easy_Mid_RockClimbing_87,2,2,2,2,2,2,2,2,2,2,2,2,2,2,2,2
Easy_Mid_Rowing_301,10,10,10,10,10,10,2,10,10,10,2,10,10,10,10,10
Easy_Mid_Rowing_366,10,2,2,0,10,2,2,10,10,2,2,10,10,2,2,10
Easy_Mid_Rowing_390,6,7,9,9,4,2,10,10,14,9,10,9,5,9,10,9
Easy_Mid_Rowing_394,10,8,8,10,10,9,10,10,10,9,10,10,9,9,10,10
Easy_Mid_Rowing_396,2,10,10,10,6,10,10,10,7,10,10,10,4,9,2,9
Easy_Mid_sailing_117,10,2,2,0,10,10,2,0,10,10,0,0,10,10,0,0
Easy_Mid_sailing_146,10,10,10,10,10,10,10,2,10,10,2,2,10,10,2,0
Easy_Mid_sailing_29,9,9,2,9,10,10,2,2,9,10,2,2,10,9,2,2
Easy_Mid_sailing_330,2,10,10,10,2,2,2,2,2,2,2,2,2,10,10,10
Easy_Mid_sailing_368,2,2,2,10,10,2,2,2,10,10,2,2,2,2,2,10
Easy_Mid_sailing_734,10,10,10,10,10,10,10,10,10,10,10,10,10,10,10,10
Easy_Mid_sailing_796,6,9,2,2,9,10,2,2,9,9,2,2,10,9,2,2
Easy_Mid_sailing_907,10,10,10,9,10,10,2,9,10,2,2,9,10,10,10,9
Easy_Mid_sailing_959,10,10,10,10,10,10,10,2,10,10,8,2,10,10,10,10
Easy_Mid_snowboarding_11,5,9,9,9,9,9,2,9,9,9,10,9,5,9,9,9
Easy_Mid_snowboarding_226,5,10,10,10,10,2,10,10,10,2,10,10,10,2,10,10
Easy_Mid_snowboarding_240,10,2,2,2,2,2,2,2,5,14,2,6,10,2,2,0
Easy_Mid_snowboarding_242,2,2,2,2,2,2,2,2,2,2,2,2,2,2,2,2
Easy_Mid_snowboarding_328,6,10,13,7,7,2,4,2,2,2,2,2,8,7,1,2
Easy_Mid_snowboarding_333,2,2,2,2,2,2,2,2,3,2,2,4,2,2,2,2
Easy_Mid_snowboarding_367,2,2,5,8,2,2,5,9,8,8,9,9,2,2,2,10
Easy_Mid_snowboarding_382,2,2,2,2,2,2,2,2,2,2,2,2,2,2,2,2
Easy_Mid_snowboarding_95,2,2,2,2,2,2,2,2,2,2,2,2,2,2,2,2
Easy_Mid_snowboarding_96,7,10,10,10,2,11,10,2,2,10,2,10,10,10,10,2
Medium_Mid_badminton_227,4,4,4,4,4,2,4,4,4,4,4,4,2,2,4,4
Medium_Mid_badminton_235,2,4,4,4,4,2,4,4,2,2,4,4,2,2,4,4
Medium_Mid_badminton_240,2,2,4,4,2,4,4,4,2,4,4,4,2,2,4,4
Medium_Mid_badminton_252,2,2,4,4,2,4,4,4,4,4,4,4,4,2,4,4
Medium_Mid_badminton_3,0,4,4,0,0,4,4,4,0,4,4,4,0,4,4,2
