Easy_Far_Rowing_180,0,0,0,0,0,0,0,0,0,0,95,0,0,0,0
Easy_Mid_badminton_124,34,0,0,0,38,16,0,0,0,0,0,0,0,0,0
Easy_Mid_badminton_81,15,0,0,0,68,0,0,0,0,0,0,0,0,0,0
Easy_Mid_croquet_142,0,0,9,0,0,0,67,0,0,0,6,0,0,0,0
Easy_Mid_croquet_164,6,0,12,0,0,0,61,0,0,0,6,0,0,0,0
Easy_Mid_croquet_180,33,0,0,0,0,29,25,0,0,0,0,0,0,0,0
Easy_Mid_croquet_245,15,0,70,0,0,0,0,0,0,0,0,0,0,0,0
Easy_Mid_croquet_269,19,0,6,0,0,61,0,0,0,0,0,0,0,0,0
Easy_Mid_croquet_338,44,0,0,0,0,37,0,0,0,0,0,0,0,0,0
Easy_Mid_croquet_57,31,19,9,0,0,19,0,0,0,0,0,0,0,0,0
Easy_Mid_croquet_61,16,0,73,0,0,0,0,0,0,0,0,0,0,0,0
Easy_Mid_croquet_87,25,0,9,0,0,0,51,0,0,0,0,0,0,0,0
Easy_Mid_croquet_94,22,12,12,0,0,0,48,0,0,0,0,0,0,0,0
Easy_Mid_polo_110,16,0,79,0,0,0,0,0,0,0,0,0,0,0,0
Easy_Mid_polo_113,0,0,60,0,0,35,0,0,0,0,0,0,0,0,0
Easy_Mid_polo_115,0,0,54,0,0,38,0,0,0,0,0,0,0,0,0
Easy_Mid_polo_127,0,0,50,0,0,38,0,0,0,0,0,0,0,0,0
Easy_Mid_polo_140,6,0,34,0,0,38,0,0,0,0,0,0,12,0,0
Easy_Mid_polo_144,6,0,51,0,0,35,0,0,0,0,0,0,0,0,0
Easy_Mid_polo_170,12,0,9,0,0,38,29,0,0,0,0,0,0,0,0
Easy_Mid_polo_96,35,0,53,0,0,0,0,0,0,0,0,0,0,0,0
Easy_Mid_polo_97,32,0,56,0,0,0,0,0,0,0,0,0,0,0,0
Easy_Mid_RockClimbing_434,9,0,82,0,0,0,0,0,0,0,0,0,0,0,0
Easy_Mid_RockClimbing_459,19,0,69,0,0,0,0,0,0,0,0,0,0,0,0
Easy_Mid_RockClimbing_464,29,0,66,0,0,0,0,0,0,0,0,0,0,0,0
Easy_Mid_RockClimbing_830,6,0,86,0,0,0,0,0,0,0,0,0,0,0,0
Easy_Mid_RockClimbing_834,19,0,68,0,0,0,0,0,0,0,0,0,0,0,0
Easy_Mid_RockClimbing_835,29,0,63,0,0,0,0,0,0,0,0,0,0,0,0
Easy_Mid_RockClimbing_87,0,6,85,0,0,0,0,0,0,0,0,0,0,0,0
Easy_Mid_Rowing_301,0,0,0,0,0,0,0,0,0,0,85,0,0,0,0
Easy_Mid_Rowing_366,12,0,31,0,0,0,0,0,0,0,48,0,0,0,0
Easy_Mid_Rowing_390,15,0,0,0,0,0,0,0,0,40,31,0,0,0,0
Easy_Mid_Rowing_394,12,0,0,0,0,0,0,0,0,28,51,0,0,0,0
Easy_Mid_Rowing_396,6,0,0,0,0,0,0,0,0,25,56,0,0,0,0
Easy_Mid_sailing_117,51,0,6,0,0,0,0,0,0,0,35,0,0,0,0
Easy_Mid_sailing_146,6,0,15,0,0,0,0,0,0,0,66,0,0,0,0
Easy_Mid_sailing_29,0,0,40,0,0,0,0,0,0,12,38,0,0,0,0
Easy_Mid_sailing_330,0,0,34,0,0,0,0,0,0,0,57,0,0,0,0
Easy_Mid_sailing_368,0,0,70,0,0,0,0,0,0,0,22,0,0,0,0
Easy_Mid_sailing_734,6,0,0,0,0,0,0,0,0,0,85,0,0,0,0
Easy_Mid_sailing_796,0,0,28,0,0,0,0,0,0,6,54,0,0,0,0
Easy_Mid_sailing_907,0,0,9,0,0,0,0,0,0,0,79,0,0,0,0
Easy_Mid_sailing_959,0,0,9,0,0,0,0,0,0,12,77,0,0,0,0
Easy_Mid_snowboarding_11,0,0,0,0,0,0,0,0,0,35,64,0,0,0,0
Easy_Mid_snowboarding_226,0,0,0,0,0,0,0,0,0,0,93,0,0,0,0
Easy_Mid_snowboarding_240,0,0,70,0,0,0,0,0,0,0,18,0,0,0,0
Easy_Mid_snowboarding_242,0,0,95,0,0,0,0,0,0,0,0,0,0,0,0
Easy_Mid_snowboarding_328,0,90,0,0,0,0,0,0,0,0,0,0,0,0,0
Easy_Mid_snowboarding_333,0,0,95,0,0,0,0,0,0,0,0,0,0,0,0
Easy_Mid_snowboarding_367,0,0,0,0,0,0,0,0,0,0,89,0,0,0,0
Easy_Mid_snowboarding_382,0,0,96,0,0,0,0,0,0,0,0,0,0,0,0
Easy_Mid_snowboarding_95,0,0,90,0,0,0,0,0,0,0,0,0,0,0,0
Easy_Mid_snowboarding_96,0,0,0,0,0,0,0,0,0,0,92,0,0,0,0
Medium_Mid_badminton_227,12,0,6,0,66,0,0,0,0,0,0,0,0,0,0
Medium_Mid_badminton_235,0,0,21,0,66,0,0,0,0,0,0,0,0,0,0
Medium_Mid_badminton_240,0,0,34,0,49,0,0,0,0,0,0,0,0,0,0
Medium_Mid_badminton_252,0,0,21,6,59,0,0,0,0,0,0,0,0,0,0
Medium_Mid_badminton_3,34,0,0,0,54,0,0,0,0,0,0,0,0,0,0
