Easy_Close_badminton_83,0,0,6,0,79,0,0,0,0,0,0,0,0,0,0
Easy_Close_croquet_206,16,0,42,0,0,25,0,0,0,0,0,0,0,0,0
Easy_Close_Rowing_380,0,0,27,0,0,0,0,0,0,38,19,0,0,0,0
Easy_Far_badminton_1,38,0,0,0,53,0,0,0,0,0,0,0,0,0,0
Easy_Far_badminton_11,34,0,6,0,47,0,0,0,0,0,0,0,0,0,0
Easy_Far_croquet_155,29,0,6,0,0,45,12,0,0,0,0,0,0,0,0
Easy_Far_croquet_163,0,0,35,0,0,50,0,0,0,6,0,0,0,0,0
Easy_Far_polo_160,32,0,12,0,0,41,0,0,0,0,0,0,0,6,0
Easy_Far_Rowing_206,0,0,22,0,0,0,0,0,0,67,0,0,0,0,0
Easy_Far_Rowing_234,0,0,0,0,0,0,0,0,0,27,57,0,0,0,0
Easy_Mid_croquet_152,58,0,9,0,0,32,0,0,0,0,0,0,0,0,0
Easy_Mid_croquet_265,0,0,25,0,0,61,0,0,0,0,0,0,0,0,0
Easy_Mid_croquet_76,19,0,12,0,0,58,0,0,0,0,0,0,0,0,0
Easy_Mid_croquet_93,19,9,18,0,0,0,48,0,0,0,0,0,0,0,0
Easy_Mid_croquet_95,22,0,6,0,0,0,58,0,0,0,9,0,0,0,0
Easy_Mid_polo_106,32,0,63,0,0,0,0,0,0,0,0,0,0,0,0
Easy_Mid_polo_111,12,0,73,0,0,0,0,0,0,0,0,0,0,0,0
Easy_Mid_polo_131,15,0,48,6,0,9,9,0,0,0,0,0,0,0,0
Easy_Mid_polo_139,0,0,44,0,0,41,0,0,0,0,0,0,0,0,0
Easy_Mid_polo_150,32,0,12,0,0,45,0,0,0,0,0,0,0,0,0
Easy_Mid_polo_169,16,29,15,0,0,32,0,0,0,0,0,0,0,0,0
Easy_Mid_polo_183,12,0,0,0,0,57,0,0,0,6,12,0,0,0,0
Easy_Mid_polo_98,48,0,41,0,0,0,0,0,0,0,0,0,0,0,0
Easy_Mid_RockClimbing_155,0,0,92,0,0,0,0,0,0,0,0,0,0,0,0
Easy_Mid_RockClimbing_249,0,0,91,0,0,0,0,0,0,0,0,0,0,0,0
Easy_Mid_RockClimbing_458,19,0,79,0,0,0,0,0,0,0,0,0,0,0,0
Easy_Mid_RockClimbing_476,38,0,54,0,0,0,0,0,0,0,0,0,0,0,0
Easy_Mid_RockClimbing_51,0,0,92,0,0,0,0,0,0,0,0,0,0,0,0
Easy_Mid_RockClimbing_557,12,0,79,0,0,0,0,0,0,0,0,0,0,0,0
Easy_Mid_RockClimbing_829,16,0,80,0,0,0,0,0,0,0,0,0,0,0,0
Easy_Mid_Rowing_302,0,0,32,0,0,0,0,0,0,0,60,0,0,0,0
Easy_Mid_Rowing_384,6,0,0,0,0,0,0,0,0,53,31,0,0,0,0
Easy_Mid_Rowing_393,0,0,0,0,0,0,0,0,0,38,50,0,0,0,0
Easy_Mid_sailing_261,0,0,9,0,0,0,0,0,0,60,29,0,0,0,0
Easy_Mid_sailing_370,0,0,12,0,0,0,0,0,0,38,45,0,0,0,0
Easy_Mid_sailing_517,0,0,51,0,0,0,0,0,0,44,0,0,0,0,0
Easy_Mid_sailing_565,0,0,0,0,0,0,0,0,0,9,83,0,0,0,0
Easy_Mid_sailing_576,6,0,0,0,0,0,0,0,0,0,79,0,0,0,0
Easy_Mid_sailing_71,0,16,34,0,0,0,0,0,0,0,41,0,0,0,0
Easy_Mid_sailing_770,0,0,32,0,0,0,0,0,0,0,59,0,0,0,0
Easy_Mid_sailing_816,0,0,0,0,0,0,0,0,0,67,6,12,0,0,0
Easy_Mid_snowboarding_106,0,0,93,0,0,0,0,0,0,0,0,0,0,0,0
Easy_Mid_snowboarding_109,0,0,95,0,0,0,0,0,0,0,0,0,0,0,0
Easy_Mid_snowboarding_239,6,0,89,0,0,0,0,0,0,0,0,0,0,0,0
Easy_Mid_snowboarding_247,0,0,99,0,0,0,0,0,0,0,0,0,0,0,0
Easy_Mid_snowboarding_290,0,0,93,0,0,0,0,0,0,0,0,0,0,0,0
Easy_Mid_snowboarding_294,12,0,86,0,0,0,0,0,0,0,0,0,0,0,0
Easy_Mid_snowboarding_374,0,0,87,0,0,0,0,0,0,0,0,0,0,0,0
Easy_Mid_snowboarding_375,0,0,92,0,0,0,0,0,0,0,0,0,0,0,0
Easy_Mid_snowboarding_420,22,0,73,0,0,0,0,0,0,0,0,0,0,0,0
Easy_Mid_snowboarding_52,6,0,90,0,0,0,0,0,0,0,0,0,0,0,0
Easy_Mid_snowboarding_82,0,0,79,0,0,0,0,0,0,12,0,0,0,0,0
Medium_Mid_badminton_178,12,0,0,0,83,0,0,0,0,0,0,0,0,0,0
Medium_Mid_badminton_179,15,0,0,0,69,0,0,0,0,0,0,0,0,0,0
Medium_Mid_badminton_226,15,0,0,6,65,0,0,0,0,0,0,0,0,0,0
Medium_Mid_badminton_228,0,0,0,0,82,0,0,0,0,0,0,0,0,0,0
Medium_Mid_croquet_281,6,0,25,0,0,60,0,0,0,0,0,0,0,0,0
