10_Easy_Mid_RockClimbing_458,19,0,79,0,0,0,0,0,0,0,0,0,0,0,0
1_Easy_Mid_RockClimbing_557,12,0,79,0,0,0,0,0,0,0,0,0,0,0,0
4_Easy_Mid_polo_8,9,0,38,0,0,38,0,0,0,0,0,0,0,0,0
5_Easy_Mid_RockClimbing_511,0,0,92,0,0,0,0,0,0,0,0,0,0,0,0
6_Easy_Mid_polo_111,12,0,12,0,0,45,19,0,0,0,0,0,0,0,0
7_Easy_Mid_polo_23,29,0,15,6,0,41,0,0,0,0,0,0,0,0,0
8_Easy_Mid_polo_97,32,0,31,0,0,25,0,0,0,0,0,0,0,0,0
9_Easy_Mid_RockClimbing_596,35,0,57,0,0,0,0,0,0,0,0,0,0,0,0
Easy_Mid_polo_110,12,0,83,0,0,0,0,0,0,0,0,0,0,0,0
Easy_Mid_polo_111,12,0,12,0,0,45,19,0,0,0,0,0,0,0,0
Easy_Mid_polo_134,0,0,32,0,0,51,0,0,0,0,0,0,9,0,0
Easy_Mid_polo_138,0,0,47,9,0,38,0,0,0,0,0,0,0,0,0
Easy_Mid_polo_143,0,16,34,6,0,32,0,0,0,0,0,0,0,0,0
Easy_Mid_polo_144,6,16,35,0,0,32,0,0,0,0,0,0,0,0,0
Easy_Mid_RockClimbing_448,9,0,85,0,0,0,0,0,0,0,0,0,0,0,0
Easy_Mid_RockClimbing_566,25,0,57,0,0,0,0,0,0,12,0,0,0,0,0
Easy_Mid_RockClimbing_697,22,0,73,0,0,0,0,0,0,0,0,0,0,0,0
Easy_Mid_RockClimbing_701,9,0,83,0,0,0,0,0,0,0,0,0,0,0,0
