10_Easy_Mid_RockClimbing_458,1,0,1,0,0,0,0,0,0,0,0,0,0,0,0
1_Easy_Mid_RockClimbing_557,1,0,1,0,0,0,0,0,0,0,0,0,0,0,0
4_Easy_Mid_polo_8,1,0,1,0,0,1,0,0,0,0,0,0,0,0,0
5_Easy_Mid_RockClimbing_511,0,0,1,0,0,0,0,0,0,0,0,0,0,0,0
6_Easy_Mid_polo_111,1,0,1,0,0,1,1,0,0,0,0,0,0,0,0
7_Easy_Mid_polo_23,1,0,1,1,0,1,0,0,0,0,0,0,0,0,0
8_Easy_Mid_polo_97,1,0,1,0,0,1,0,0,0,0,0,0,0,0,0
9_Easy_Mid_RockClimbing_596,1,0,1,0,0,0,0,0,0,0,0,0,0,0,0
Easy_Mid_polo_110,1,0,1,0,0,0,0,0,0,0,0,0,0,0,0
Easy_Mid_polo_111,1,0,1,0,0,1,1,0,0,0,0,0,0,0,0
Easy_Mid_polo_134,0,0,1,0,0,1,0,0,0,0,0,0,1,0,0
Easy_Mid_polo_138,0,0,1,1,0,1,0,0,0,0,0,0,0,0,0
Easy_Mid_polo_143,0,1,1,1,0,1,0,0,0,0,0,0,0,0,0
Easy_Mid_polo_144,1,1,1,0,0,1,0,0,0,0,0,0,0,0,0
Easy_Mid_RockClimbing_448,1,0,1,0,0,0,0,0,0,0,0,0,0,0,0
Easy_Mid_RockClimbing_566,1,0,1,0,0,0,0,0,0,1,0,0,0,0,0
Easy_Mid_RockClimbing_697,1,0,1,0,0,0,0,0,0,0,0,0,0,0,0
Easy_Mid_RockClimbing_701,1,0,1,0,0,0,0,0,0,0,0,0,0,0,0
