Easy_Far_Rowing_180,0,0,0,0,0,0,0,0,0,0,1,0,0,0,0
Easy_Mid_badminton_124,1,0,0,0,1,1,0,0,0,0,0,0,0,0,0
Easy_Mid_badminton_81,1,0,0,0,1,0,0,0,0,0,0,0,0,0,0
Easy_Mid_croquet_142,0,0,1,0,0,0,1,0,0,0,1,0,0,0,0
Easy_Mid_croquet_164,1,0,1,0,0,0,1,0,0,0,1,0,0,0,0
Easy_Mid_croquet_180,1,0,0,0,0,1,1,0,0,0,0,0,0,0,0
Easy_Mid_croquet_245,1,0,1,0,0,0,0,0,0,0,0,0,0,0,0
Easy_Mid_croquet_269,1,0,1,0,0,1,0,0,0,0,0,0,0,0,0
Easy_Mid_croquet_338,1,0,0,0,0,1,0,0,0,0,0,0,0,0,0
Easy_Mid_croquet_57,1,1,1,0,0,1,0,0,0,0,0,0,0,0,0
Easy_Mid_croquet_61,1,0,1,0,0,0,0,0,0,0,0,0,0,0,0
Easy_Mid_croquet_87,1,0,1,0,0,0,1,0,0,0,0,0,0,0,0
Easy_Mid_croquet_94,1,1,1,0,0,0,1,0,0,0,0,0,0,0,0
Easy_Mid_polo_110,1,0,1,0,0,0,0,0,0,0,0,0,0,0,0
Easy_Mid_polo_113,0,0,1,0,0,1,0,0,0,0,0,0,0,0,0
Easy_Mid_polo_115,0,0,1,0,0,1,0,0,0,0,0,0,0,0,0
Easy_Mid_polo_127,0,0,1,0,0,1,0,0,0,0,0,0,0,0,0
Easy_Mid_polo_140,1,0,1,0,0,1,0,0,0,0,0,0,1,0,0
Easy_Mid_polo_144,1,0,1,0,0,1,0,0,0,0,0,0,0,0,0
Easy_Mid_polo_170,1,0,1,0,0,1,1,0,0,0,0,0,0,0,0
Easy_Mid_polo_96,1,0,1,0,0,0,0,0,0,0,0,0,0,0,0
Easy_Mid_polo_97,1,0,1,0,0,0,0,0,0,0,0,0,0,0,0
Easy_Mid_RockClimbing_434,1,0,1,0,0,0,0,0,0,0,0,0,0,0,0
Easy_Mid_RockClimbing_459,1,0,1,0,0,0,0,0,0,0,0,0,0,0,0
Easy_Mid_RockClimbing_464,1,0,1,0,0,0,0,0,0,0,0,0,0,0,0
Easy_Mid_RockClimbing_830,1,0,1,0,0,0,0,0,0,0,0,0,0,0,0
Easy_Mid_RockClimbing_834,1,0,1,0,0,0,0,0,0,0,0,0,0,0,0
Easy_Mid_RockClimbing_835,1,0,1,0,0,0,0,0,0,0,0,0,0,0,0
Easy_Mid_RockClimbing_87,0,1,1,0,0,0,0,0,0,0,0,0,0,0,0
Easy_Mid_Rowing_301,0,0,0,0,0,0,0,0,0,0,1,0,0,0,0
Easy_Mid_Rowing_366,1,0,1,0,0,0,0,0,0,0,1,0,0,0,0
Easy_Mid_Rowing_390,1,0,0,0,0,0,0,0,0,1,1,0,0,0,0
Easy_Mid_Rowing_394,1,0,0,0,0,0,0,0,0,1,1,0,0,0,0
Easy_Mid_Rowing_396,1,0,0,0,0,0,0,0,0,1,1,0,0,0,0
Easy_Mid_sailing_117,1,0,1,0,0,0,0,0,0,0,1,0,0,0,0
Easy_Mid_sailing_146,1,0,1,0,0,0,0,0,0,0,1,0,0,0,0
Easy_Mid_sailing_29,0,0,1,0,0,0,0,0,0,1,1,0,0,0,0
Easy_Mid_sailing_330,0,0,1,0,0,0,0,0,0,0,1,0,0,0,0
Easy_Mid_sailing_368,0,0,1,0,0,0,0,0,0,0,1,0,0,0,0
Easy_Mid_sailing_734,1,0,0,0,0,0,0,0,0,0,1,0,0,0,0
Easy_Mid_sailing_796,0,0,1,0,0,0,0,0,0,1,1,0,0,0,0
Easy_Mid_sailing_907,0,0,1,0,0,0,0,0,0,0,1,0,0,0,0
Easy_Mid_sailing_959,0,0,1,0,0,0,0,0,0,1,1,0,0,0,0
Easy_Mid_snowboarding_11,0,0,0,0,0,0,0,0,0,1,1,0,0,0,0
Easy_Mid_snowboarding_226,0,0,0,0,0,0,0,0,0,0,1,0,0,0,0
Easy_Mid_snowboarding_240,0,0,1,0,0,0,0,0,0,0,1,0,0,0,0
Easy_Mid_snowboarding_242,0,0,1,0,0,0,0,0,0,0,0,0,0,0,0
Easy_Mid_snowboarding_328,0,1,0,0,0,0,0,0,0,0,0,0,0,0,0
Easy_Mid_snowboarding_333,0,0,1,0,0,0,0,0,0,0,0,0,0,0,0
Easy_Mid_snowboarding_367,0,0,0,0,0,0,0,0,0,0,1,0,0,0,0
Easy_Mid_snowboarding_382,0,0,1,0,0,0,0,0,0,0,0,0,0,0,0
Easy_Mid_snowboarding_95,0,0,1,0,0,0,0,0,0,0,0,0,0,0,0
Easy_Mid_snowboarding_96,0,0,0,0,0,0,0,0,0,0,1,0,0,0,0
Medium_Mid_badminton_227,1,0,1,0,1,0,0,0,0,0,0,0,0,0,0
Medium_Mid_badminton_235,0,0,1,0,1,0,0,0,0,0,0,0,0,0,0
Medium_Mid_badminton_240,0,0,1,0,1,0,0,0,0,0,0,0,0,0,0
Medium_Mid_badminton_252,0,0,1,1,1,0,0,0,0,0,0,0,0,0,0
Medium_Mid_badminton_3,1,0,0,0,1,0,0,0,0,0,0,0,0,0,0
